Decision Tree Depth Analysis:
--------------------------------------------------------------------------------
Depth     Train Acc   Test Acc  Precision     Recall         F1
--------------------------------------------------------------------------------
1             0.197      0.197      0.043      0.197      0.070
2             0.327      0.321      0.147      0.321      0.196
5             0.619      0.567      0.595      0.567      0.558
10            0.887      0.595      0.601      0.595      0.596
20            1.000      0.585      0.586      0.585      0.585
50            1.000      0.585      0.586      0.585      0.585
100           1.000      0.585      0.586      0.585      0.585
--------------------------------------------------------------------------------