MLP Depth Analysis:
--------------------------------------------------------------------------------
Layers    Train Acc   Test Acc  Precision     Recall         F1
--------------------------------------------------------------------------------
1             0.860      0.823      0.825      0.823      0.823
2             0.898      0.837      0.841      0.837      0.837
3             0.948      0.824      0.829      0.824      0.825
4             0.985      0.832      0.835      0.832      0.833
5             0.999      0.836      0.837      0.836      0.836
6             1.000      0.803      0.806      0.803      0.803
--------------------------------------------------------------------------------